

--- UTF-8 (Mono-)Bigrams ---

=== Monograms (UTF-8) with spaces ===
Char	Count	Probability
[space]	1131	0.137558
芯	745	0.090611
懈	613	0.074556
邪	599	0.072853
械	599	0.072853
薪	473	0.057529
褌	464	0.056434
褋	425	0.051691
胁	389	0.047312
褉	369	0.044880
谢	276	0.033568
锌	236	0.028703
屑	216	0.026271
泻	180	0.021892
褍	171	0.020798
写	165	0.020068
褟	153	0.018609
蟹	144	0.017514
谐	121	0.014717
褘	101	0.012284
泄	94	0.011433
褜	90	0.010946
褔	79	0.009608
褞	74	0.009000
斜	68	0.008270
褏	66	0.008027
褢	35	0.004257
卸	32	0.003892
褕	28	0.003405
褑	25	0.003041
褖	25	0.003041
褝	25	0.003041
褎	8	0.000973
褗	3	0.000365

=== MATRIX: Bigrams (UTF-8) with spaces ===
 	 	邪	斜	胁	谐	写	械	卸	蟹	懈	泄	泻	谢	屑	薪	芯	锌	褉	褋	褌	褍	褎	褏	褑	褔	褕	褖	褗	褘	褜	褝	褞	褟	褢	
 	32	18	18	116	39	31	24	2	32	94	0	50	12	51	71	104	153	46	104	38	28	2	6	10	28	1	0	0	0	0	19	0	2	0	
邪	116	0	4	31	7	11	28	3	30	3	15	25	39	6	112	2	7	18	28	50	7	0	10	3	12	0	0	0	0	0	0	16	11	5	
斜	1	2	1	1	0	0	11	0	0	4	0	0	9	0	4	18	0	2	1	0	3	0	0	0	0	0	0	2	9	0	0	0	0	0	
胁	59	111	0	1	0	0	31	0	0	27	0	2	16	8	7	56	1	11	11	23	5	0	0	0	0	4	0	0	14	0	0	0	1	1	
谐	4	14	0	0	0	3	17	0	0	14	0	0	8	0	3	47	0	5	0	0	2	0	0	0	0	0	0	0	0	0	4	0	0	0	
写	6	33	0	5	1	0	28	1	0	15	0	3	2	0	7	30	1	4	9	0	5	0	1	0	3	0	0	1	3	2	1	0	3	1	
械	117	2	0	14	15	28	3	6	5	4	18	6	55	52	48	5	4	70	46	66	3	0	4	1	6	11	5	0	0	0	0	1	1	3	
卸	0	2	0	0	0	7	10	0	0	9	0	0	0	0	3	0	0	0	0	0	1	0	0	0	0	0	0	0	0	0	0	0	0	0	
蟹	20	34	2	13	2	12	13	1	2	6	0	0	0	1	12	5	0	5	0	0	4	0	0	0	0	0	0	0	12	0	0	0	0	0	
懈	128	4	9	19	8	1	50	0	27	24	18	29	17	35	29	7	2	12	47	37	0	4	21	4	16	2	1	0	0	0	0	15	47	0	
泄	67	0	0	0	0	1	0	0	7	0	0	0	0	0	5	0	0	0	8	3	0	0	0	0	0	3	0	0	0	0	0	0	0	0	
泻	15	39	0	0	0	0	5	2	0	29	0	0	10	0	8	38	0	13	0	13	8	0	0	0	0	0	0	0	0	0	0	0	0	0	
谢	20	61	0	0	0	17	38	3	0	33	0	1	1	0	4	35	0	0	1	0	5	0	0	0	0	0	0	0	1	31	0	7	17	1	
屑	48	20	0	1	0	0	23	0	0	30	0	1	11	0	2	18	21	0	1	0	24	0	0	0	0	0	0	0	4	3	1	0	6	2	
薪	17	84	0	0	2	2	47	0	0	122	0	1	0	0	21	96	0	0	3	11	20	0	0	4	0	0	1	0	28	2	0	0	10	2	
芯	101	0	26	97	39	30	20	5	24	23	25	10	36	37	36	1	11	71	88	46	0	2	4	2	0	1	2	0	0	0	0	3	3	2	
锌	0	9	0	0	0	0	49	0	0	9	0	0	20	0	1	62	2	66	8	0	7	0	0	0	0	0	0	0	1	0	0	0	2	0	
褉	8	95	0	15	2	1	55	0	3	61	0	0	0	7	1	73	0	3	5	2	12	0	1	0	1	1	0	0	11	3	0	0	6	3	
褋	18	8	0	14	0	0	31	0	0	17	0	37	16	3	52	24	14	1	10	100	11	0	3	0	4	0	0	0	5	10	0	2	39	6	
褌	63	41	0	33	0	0	36	0	1	46	0	3	0	0	6	108	6	26	28	0	14	0	0	0	1	0	0	0	12	37	0	0	2	1	
褍	32	0	3	1	4	13	4	7	3	0	0	8	16	5	7	0	9	3	8	15	0	0	0	0	4	1	5	0	0	0	0	22	1	0	
褎	0	2	0	0	0	0	2	0	0	4	0	0	0	0	0	0	0	0	0	0	0	0	0	0	0	0	0	0	0	0	0	0	0	0	
褏	33	1	0	2	1	0	0	0	0	1	0	0	2	0	2	15	0	5	2	0	1	0	0	0	0	0	0	0	0	1	0	0	0	0	
褑	0	0	0	0	0	0	8	0	0	15	0	0	0	0	0	0	0	0	0	0	1	0	0	0	0	0	0	0	1	0	0	0	0	0	
褔	2	13	0	0	0	0	28	0	0	10	0	0	0	0	4	0	0	0	0	15	4	0	0	0	0	1	0	0	0	0	0	0	0	2	
褕	0	3	0	0	0	0	8	0	0	10	0	1	1	0	1	0	0	0	0	0	4	0	0	0	0	0	0	0	0	0	0	0	0	0	
褖	0	3	0	0	0	0	11	0	0	3	0	0	0	0	1	0	0	0	0	0	2	0	0	0	0	0	0	0	0	1	0	0	0	4	
褗	0	0	0	0	0	0	1	0	0	0	0	0	0	0	0	0	0	0	0	0	0	0	0	0	0	0	0	0	0	0	0	0	2	0	
褘	16	0	1	19	0	1	5	0	1	0	18	0	1	6	1	0	4	2	9	3	0	0	12	0	1	0	0	0	0	0	0	0	0	0	
褜	51	0	1	0	0	0	3	0	2	0	0	3	0	0	12	0	0	0	4	3	0	0	0	0	0	3	1	0	0	0	0	5	0	2	
褝	0	0	1	1	0	3	0	0	0	0	0	0	0	1	4	0	0	5	0	10	0	0	0	0	0	0	0	0	0	0	0	0	0	0	
褞	44	0	2	0	1	1	0	2	2	0	0	0	0	0	0	0	0	0	1	13	0	0	0	1	0	0	7	0	0	0	0	0	0	0	
褟	103	0	0	4	0	2	10	0	2	0	0	0	4	2	1	0	1	0	3	9	0	0	3	0	3	0	3	0	0	0	0	3	0	0	
褢	10	0	0	2	0	1	0	0	3	0	0	0	0	2	8	0	0	1	0	7	0	0	1	0	0	0	0	0	0	0	0	0	0	0	

=== Monograms (UTF-8) without spaces ===
Char	Count	Probability
芯	745	0.105063
懈	613	0.086448
邪	599	0.084473
械	599	0.084473
薪	473	0.066704
褌	464	0.065435
褋	425	0.059935
胁	389	0.054858
褉	369	0.052038
谢	276	0.038923
锌	236	0.033282
屑	216	0.030461
泻	180	0.025384
褍	171	0.024115
写	165	0.023269
褟	153	0.021577
蟹	144	0.020307
谐	121	0.017064
褘	101	0.014243
泄	94	0.013256
褜	90	0.012692
褔	79	0.011141
褞	74	0.010436
斜	68	0.009590
褏	66	0.009308
褢	35	0.004936
卸	32	0.004513
褕	28	0.003949
褑	25	0.003526
褖	25	0.003526
褝	25	0.003526
褎	8	0.001128
褗	3	0.000423

=== MATRIX: Bigrams (UTF-8) without spaces ===
 	邪	斜	胁	谐	写	械	卸	蟹	懈	泄	泻	谢	屑	薪	芯	锌	褉	褋	褌	褍	褎	褏	褑	褔	褕	褖	褗	褘	褜	褝	褞	褟	褢	
邪	5	9	43	8	12	31	3	36	15	15	34	42	8	119	11	23	21	37	55	9	0	10	4	14	0	0	0	0	0	3	16	11	5	
斜	2	1	1	0	0	11	0	0	5	0	0	9	0	4	18	0	2	1	0	3	0	0	0	0	0	0	2	9	0	0	0	0	0	
胁	112	1	5	3	2	36	1	2	29	0	8	16	9	9	58	11	14	19	24	5	0	1	2	0	4	0	0	14	0	2	0	1	1	
谐	14	0	0	0	3	17	0	1	14	0	0	8	0	3	48	2	5	0	0	2	0	0	0	0	0	0	0	0	0	4	0	0	0	
写	33	0	5	1	1	28	1	0	15	0	3	2	0	9	30	2	5	9	0	6	0	1	0	3	0	0	1	3	2	1	0	3	1	
械	3	3	23	19	30	5	6	7	13	18	11	56	60	58	22	22	72	60	70	4	0	4	3	7	11	5	0	0	0	2	1	1	3	
卸	2	0	0	0	7	10	0	0	9	0	0	0	0	3	0	0	0	0	0	1	0	0	0	0	0	0	0	0	0	0	0	0	0	
蟹	35	3	16	2	12	13	1	2	7	0	1	0	2	13	6	5	5	2	2	5	0	0	0	0	0	0	0	12	0	0	0	0	0	
懈	7	10	33	13	3	52	0	32	34	18	32	20	45	38	18	25	16	60	44	2	4	22	4	16	2	1	0	0	0	0	15	47	0	
泄	1	0	5	5	3	0	0	8	8	0	5	1	4	6	3	12	3	12	5	3	1	1	1	3	3	0	0	0	0	1	0	0	0	
泻	39	0	1	0	2	5	2	1	29	0	2	10	2	9	40	0	13	3	13	8	0	0	0	0	0	0	0	0	0	1	0	0	0	
谢	61	1	1	0	18	38	3	0	37	0	1	1	0	6	38	2	2	3	0	5	0	0	0	0	0	0	0	1	31	2	7	17	1	
屑	21	2	4	0	2	23	0	1	33	0	2	11	3	6	25	25	3	10	0	25	0	0	0	1	0	0	0	4	3	4	0	6	2	
薪	84	0	1	4	3	47	0	0	123	0	1	0	0	21	97	1	0	10	12	21	0	0	4	1	0	1	0	28	2	0	0	10	2	
芯	2	26	112	44	33	22	6	31	34	25	12	36	45	38	16	24	75	92	47	3	2	6	2	1	1	2	0	0	0	0	3	3	2	
锌	9	0	0	0	0	49	0	0	9	0	0	20	0	1	62	2	66	8	0	7	0	0	0	0	0	0	0	1	0	0	0	2	0	
褉	95	0	17	5	1	55	0	4	61	0	0	0	7	2	73	0	3	6	2	12	0	1	0	1	1	0	0	11	3	0	0	6	3	
褋	8	0	14	0	1	31	0	0	19	0	38	16	3	54	25	18	3	12	102	11	0	3	0	4	1	0	0	5	10	0	2	39	6	
褌	41	0	39	2	2	42	0	2	54	0	4	0	2	10	114	13	28	31	4	16	0	1	1	6	0	0	0	12	37	0	0	2	1	
褍	0	3	3	7	13	5	7	3	2	0	8	17	6	10	2	13	4	11	19	4	0	0	0	5	1	5	0	0	0	0	22	1	0	
褎	2	0	0	0	0	2	0	0	4	0	0	0	0	0	0	0	0	0	0	0	0	0	0	0	0	0	0	0	0	0	0	0	0	
褏	2	1	6	1	3	0	0	0	3	0	2	2	4	4	18	2	10	4	0	1	0	0	1	0	0	0	0	0	1	1	0	0	0	
褑	0	0	0	0	0	8	0	0	15	0	0	0	0	0	0	0	0	0	0	1	0	0	0	0	0	0	0	1	0	0	0	0	0	
褔	13	0	0	0	0	28	0	0	10	0	0	0	0	4	0	2	0	0	15	4	0	0	0	0	1	0	0	0	0	0	0	0	2	
褕	3	0	0	0	0	8	0	0	10	0	1	1	0	1	0	0	0	0	0	4	0	0	0	0	0	0	0	0	0	0	0	0	0	
褖	3	0	0	0	0	11	0	0	3	0	0	0	0	1	0	0	0	0	0	2	0	0	0	0	0	0	0	0	1	0	0	0	4	
褗	0	0	0	0	0	1	0	0	0	0	0	0	0	0	0	0	0	0	0	0	0	0	0	0	0	0	0	0	0	0	0	2	0	
褘	0	1	22	0	1	6	0	1	2	18	2	1	6	2	1	8	2	9	3	0	0	12	0	3	0	0	0	0	0	0	0	0	0	
褜	0	1	8	2	3	5	0	3	2	0	4	1	3	16	4	5	2	8	4	2	0	0	1	3	3	1	0	0	0	1	5	1	2	
褝	0	1	1	0	3	0	0	0	0	0	0	0	1	4	0	0	5	0	10	0	0	0	0	0	0	0	0	0	0	0	0	0	0	
褞	1	2	5	2	1	0	2	4	6	0	2	1	0	1	4	6	4	6	14	0	1	0	2	1	0	7	0	0	0	2	0	0	0	
褟	1	1	22	3	5	10	0	3	8	0	7	5	4	12	10	11	5	11	11	5	0	3	0	9	0	3	0	0	0	0	3	1	0	
褢	0	2	2	0	1	0	0	3	0	0	0	0	2	9	1	2	1	1	8	0	0	1	0	1	0	0	0	0	0	1	0	0	0	
