--- WINDOWS-1251 (Mono-)Bigrams ---

=== Monograms (Win-1251) with spaces ===
Char	Count	Probability
[space]	1131	0.138146
芯	745	0.090998
懈	613	0.074875
械	599	0.073165
邪	599	0.073165
薪	473	0.057775
褌	464	0.056675
褋	425	0.051912
胁	389	0.047514
褉	369	0.045071
谢	276	0.033712
锌	236	0.028826
屑	216	0.026383
泻	180	0.021986
褍	171	0.020887
写	165	0.020154
褟	153	0.018688
蟹	144	0.017589
谐	121	0.014780
褘	101	0.012337
泄	94	0.011482
褜	90	0.010993
褔	79	0.009649
褞	74	0.009039
斜	68	0.008306
褏	66	0.008062
卸	32	0.003909
褕	28	0.003420
褑	25	0.003054
褖	25	0.003054
褝	25	0.003054
褎	8	0.000977
褗	3	0.000366

=== MATRIX: Bigrams (Win-1251) with spaces ===
 	邪	斜	胁	谐	写	械	卸	蟹	懈	泄	泻	谢	屑	薪	芯	锌	褉	褋	褌	褍	褎	褏	褑	褔	褕	褖	褗	褘	褜	褝	褞	褟	 	
邪	0	4	31	7	11	28	3	30	3	15	25	39	6	112	2	7	18	28	55	7	0	10	3	12	0	0	0	0	0	0	16	11	116	
斜	2	1	1	0	0	11	0	0	4	0	0	9	0	4	18	0	2	1	0	3	0	0	0	0	0	0	2	9	0	0	0	0	1	
胁	111	0	1	0	0	31	0	1	27	0	2	16	8	7	56	1	11	11	23	5	0	0	0	0	4	0	0	14	0	0	0	1	59	
谐	14	0	0	0	3	17	0	0	14	0	0	8	0	3	47	0	5	0	0	2	0	0	0	0	0	0	0	0	0	4	0	0	4	
写	33	0	5	1	0	28	1	0	15	0	3	2	0	7	30	1	4	9	1	5	0	1	0	3	0	0	1	3	2	1	0	3	6	
械	2	0	14	15	28	3	6	5	4	18	6	55	52	48	5	4	70	46	66	3	0	4	1	6	11	5	0	0	0	0	1	1	120	
卸	2	0	0	0	7	10	0	0	9	0	0	0	0	3	0	0	0	0	0	1	0	0	0	0	0	0	0	0	0	0	0	0	0	
蟹	34	2	13	2	12	13	1	2	6	0	0	0	1	12	5	0	5	0	0	4	0	0	0	0	0	0	0	12	0	0	0	0	20	
懈	4	9	19	8	1	50	0	27	24	18	29	17	35	29	7	2	12	47	37	0	4	21	4	16	2	1	0	0	0	0	15	47	128	
泄	0	0	0	0	1	0	0	7	0	0	0	0	0	5	0	0	0	8	3	0	0	0	0	0	3	0	0	0	0	0	0	0	67	
泻	39	0	0	0	0	5	2	0	29	0	0	10	0	8	38	0	13	0	13	8	0	0	0	0	0	0	0	0	0	0	0	0	15	
谢	61	0	0	0	17	38	3	0	33	0	1	1	0	5	35	0	0	1	0	5	0	0	0	0	0	0	0	1	31	0	7	17	20	
屑	20	0	1	0	0	23	0	0	30	0	1	11	0	3	18	21	1	1	0	24	0	0	0	0	0	0	0	4	3	1	0	6	48	
薪	84	0	1	2	2	47	0	0	122	0	1	0	0	22	96	0	0	3	11	20	0	0	4	0	0	1	0	28	2	0	0	10	17	
芯	0	26	98	39	30	20	5	24	23	25	10	36	38	36	1	11	71	88	46	0	2	4	2	0	1	2	0	0	0	0	3	3	101	
锌	9	0	0	0	0	49	0	0	9	0	0	20	0	1	62	2	66	8	0	7	0	0	0	0	0	0	0	1	0	0	0	2	0	
褉	95	0	15	2	2	55	0	3	61	0	0	0	7	2	73	0	3	5	2	12	0	2	0	1	1	0	0	11	3	0	0	6	8	
褋	8	0	14	0	0	31	0	0	17	0	37	16	3	53	24	14	1	10	101	11	0	3	0	4	0	0	0	5	10	0	2	39	22	
褌	41	0	33	0	0	36	0	1	46	0	3	0	1	6	108	6	26	28	0	14	0	0	0	1	0	0	0	12	37	0	0	2	63	
褍	0	3	1	4	13	4	7	3	0	0	8	16	5	7	0	9	3	8	15	0	0	0	0	4	1	5	0	0	0	0	22	1	32	
褎	2	0	0	0	0	2	0	0	4	0	0	0	0	0	0	0	0	0	0	0	0	0	0	0	0	0	0	0	0	0	0	0	0	
褏	1	0	2	1	0	0	0	0	1	0	0	2	0	2	15	0	5	2	0	1	0	0	0	0	0	0	0	0	1	0	0	0	33	
褑	0	0	0	0	0	8	0	0	15	0	0	0	0	0	0	0	0	0	0	1	0	0	0	0	0	0	0	1	0	0	0	0	0	
褔	13	0	0	0	0	28	0	0	10	0	0	0	0	6	0	0	0	0	15	4	0	0	0	0	1	0	0	0	0	0	0	0	2	
褕	3	0	0	0	0	8	0	0	10	0	1	1	0	1	0	0	0	0	0	4	0	0	0	0	0	0	0	0	0	0	0	0	0	
褖	3	0	0	0	0	11	0	0	3	0	0	0	0	2	0	0	0	0	0	2	0	0	0	0	0	0	0	0	1	0	0	0	3	
褗	0	0	0	0	0	1	0	0	0	0	0	0	0	0	0	0	0	0	0	0	0	0	0	0	0	0	0	0	0	0	0	2	0	
褘	0	1	19	0	1	5	0	1	0	18	0	1	6	1	0	4	2	9	3	0	0	12	0	1	0	0	0	0	0	0	0	0	16	
褜	0	1	0	0	0	3	0	4	0	0	3	0	0	12	0	0	0	4	3	0	0	0	0	0	3	1	0	0	0	0	5	0	51	
褝	0	1	1	0	3	0	0	0	0	0	0	0	1	4	0	0	5	0	10	0	0	0	0	0	0	0	0	0	0	0	0	0	0	
褞	0	2	0	1	1	0	2	2	0	0	0	0	0	0	0	0	0	1	13	0	0	0	1	0	0	7	0	0	0	0	0	0	44	
褟	0	0	4	0	2	10	0	2	0	0	0	4	2	1	0	1	0	3	9	0	0	3	0	3	0	3	0	0	0	0	3	0	103	
 	18	18	116	39	31	24	2	32	94	0	50	12	51	71	104	153	46	104	38	28	2	6	10	28	1	0	0	0	0	19	0	2	32	

=== Monograms (Win-1251) without spaces ===
Char	Count	Probability
芯	745	0.105584
懈	613	0.086876
邪	599	0.084892
械	599	0.084892
薪	473	0.067035
褌	464	0.065760
褋	425	0.060232
胁	389	0.055130
褉	369	0.052296
谢	276	0.039116
锌	236	0.033447
屑	216	0.030612
泻	180	0.025510
褍	171	0.024235
写	165	0.023384
褟	153	0.021684
蟹	144	0.020408
谐	121	0.017149
褘	101	0.014314
泄	94	0.013322
褜	90	0.012755
褔	79	0.011196
褞	74	0.010488
斜	68	0.009637
褏	66	0.009354
卸	32	0.004535
褕	28	0.003968
褑	25	0.003543
褖	25	0.003543
褝	25	0.003543
褎	8	0.001134
褗	3	0.000425

=== MATRIX: Bigrams (Win-1251) without spaces ===
 	邪	斜	胁	谐	写	械	卸	蟹	懈	泄	泻	谢	屑	薪	芯	锌	褉	褋	褌	褍	褎	褏	褑	褔	褕	褖	褗	褘	褜	褝	褞	褟	
邪	5	9	43	8	12	31	3	36	15	15	34	42	8	119	11	23	21	37	60	9	0	10	4	14	0	0	0	0	0	3	16	11	
斜	2	1	1	0	0	11	0	0	5	0	0	9	0	4	18	0	2	1	0	3	0	0	0	0	0	0	2	9	0	0	0	0	
胁	112	1	5	3	2	36	1	3	29	0	8	16	9	9	58	11	14	19	24	5	0	1	2	0	4	0	0	14	0	2	0	1	
谐	14	0	0	0	3	17	0	1	14	0	0	8	0	3	48	2	5	0	0	2	0	0	0	0	0	0	0	0	0	4	0	0	
写	33	0	5	1	1	28	1	0	15	0	3	2	0	9	30	2	5	9	1	6	0	1	0	3	0	0	1	3	2	1	0	3	
械	3	3	23	19	30	5	6	7	13	18	11	56	60	58	22	24	72	61	70	4	0	4	3	7	11	5	0	0	0	2	1	1	
卸	2	0	0	0	7	10	0	0	9	0	0	0	0	3	0	0	0	0	0	1	0	0	0	0	0	0	0	0	0	0	0	0	
蟹	35	3	16	2	12	13	1	2	7	0	1	0	2	13	6	5	5	2	2	5	0	0	0	0	0	0	0	12	0	0	0	0	
懈	7	10	33	13	3	52	0	32	34	18	32	20	45	38	18	25	16	60	44	2	4	22	4	16	2	1	0	0	0	0	15	47	
泄	1	0	5	5	3	0	0	8	8	0	5	1	4	6	3	12	3	12	5	3	1	1	1	3	3	0	0	0	0	1	0	0	
泻	39	0	1	0	2	5	2	1	29	0	2	10	2	9	40	0	13	3	13	8	0	0	0	0	0	0	0	0	0	1	0	0	
谢	61	1	1	0	18	38	3	0	37	0	1	1	0	7	38	2	2	3	0	5	0	0	0	0	0	0	0	1	31	2	7	17	
屑	21	2	4	0	2	23	0	1	33	0	2	11	3	7	25	25	4	10	0	25	0	0	0	1	0	0	0	4	3	4	0	6	
薪	84	0	2	4	3	47	0	0	123	0	1	0	0	22	97	1	0	10	12	21	0	0	4	1	0	1	0	28	2	0	0	10	
芯	2	26	113	44	33	22	6	31	34	25	12	36	46	38	16	24	75	92	47	3	2	6	2	1	1	2	0	0	0	0	3	3	
锌	9	0	0	0	0	49	0	0	9	0	0	20	0	1	62	2	66	8	0	7	0	0	0	0	0	0	0	1	0	0	0	2	
褉	95	0	17	5	2	55	0	4	61	0	0	0	7	3	73	0	3	6	2	12	0	2	0	1	1	0	0	11	3	0	0	6	
褋	8	2	14	0	1	31	0	0	19	0	38	16	3	55	25	18	3	12	104	11	0	3	0	4	1	0	0	5	10	1	2	39	
褌	41	0	39	2	2	42	0	2	54	0	4	0	3	10	114	13	28	31	4	16	0	1	1	6	0	0	0	12	37	0	0	2	
褍	0	3	3	7	13	5	7	3	2	0	8	17	6	10	2	13	4	11	19	4	0	0	0	5	1	5	0	0	0	0	22	1	
褎	2	0	0	0	0	2	0	0	4	0	0	0	0	0	0	0	0	0	0	0	0	0	0	0	0	0	0	0	0	0	0	0	
褏	2	1	6	1	3	0	0	0	3	0	2	2	4	4	18	2	10	4	0	1	0	0	1	0	0	0	0	0	1	1	0	0	
褑	0	0	0	0	0	8	0	0	15	0	0	0	0	0	0	0	0	0	0	1	0	0	0	0	0	0	0	1	0	0	0	0	
褔	13	0	0	0	0	28	0	0	10	0	0	0	0	6	0	2	0	0	15	4	0	0	0	0	1	0	0	0	0	0	0	0	
褕	3	0	0	0	0	8	0	0	10	0	1	1	0	1	0	0	0	0	0	4	0	0	0	0	0	0	0	0	0	0	0	0	
褖	3	0	0	0	0	11	0	0	3	0	0	0	0	3	1	0	0	0	0	2	0	0	0	1	0	0	0	0	1	0	0	0	
褗	0	0	0	0	0	1	0	0	0	0	0	0	0	0	0	0	0	0	0	0	0	0	0	0	0	0	0	0	0	0	0	2	
褘	0	1	22	0	1	6	0	1	2	18	2	1	6	2	1	8	2	9	3	0	0	12	0	3	0	0	0	0	0	0	0	0	
褜	0	1	8	2	3	5	0	5	2	0	4	1	3	16	4	5	2	8	4	2	0	0	1	3	3	1	0	0	0	1	5	1	
褝	0	1	1	0	3	0	0	0	0	0	0	0	1	4	0	0	5	0	10	0	0	0	0	0	0	0	0	0	0	0	0	0	
褞	1	2	5	2	1	0	2	4	6	0	2	1	0	1	4	6	4	6	14	0	1	0	2	1	0	7	0	0	0	2	0	0	
褟	1	1	22	3	5	10	0	3	8	0	7	5	4	12	10	11	5	11	11	5	0	3	0	9	0	3	0	0	0	0	3	1	
